     d1,      d2,      d3,  AbsRel,   SqRel,    RMSE, RMSElog,   SILog,   log10
  6.853,   0.017,   0.039,   0.145,   2.359,   0.069,   0.977,   0.999,   1.000
 10.518,   0.034,   0.078,   0.058,   0.767,   0.105,   0.967,   0.991,   1.000
  7.380,   0.019,   0.044,   0.076,   1.612,   0.075,   0.977,   0.999,   0.999
  9.932,   0.024,   0.054,   0.167,   2.097,   0.100,   0.931,   0.996,   0.999
  5.682,   0.015,   0.035,   0.092,   1.891,   0.057,   0.990,   1.000,   1.000
 11.731,   0.036,   0.093,   0.679,   4.501,   0.136,   0.918,   0.975,   0.997
 10.542,   0.023,   0.055,   0.415,   3.755,   0.107,   0.969,   0.988,   0.996
 12.348,   0.034,   0.071,   0.619,   5.840,   0.133,   0.906,   0.982,   1.000
  6.061,   0.017,   0.039,   0.091,   1.894,   0.062,   0.989,   0.999,   1.000
  6.848,   0.024,   0.052,   0.162,   2.681,   0.079,   0.984,   1.000,   1.000
 12.983,   0.038,   0.079,   0.550,   5.027,   0.140,   0.885,   0.989,   0.998
  6.232,   0.018,   0.042,   0.069,   1.125,   0.063,   0.992,   0.997,   1.000
  7.383,   0.019,   0.045,   0.084,   1.622,   0.075,   0.974,   0.998,   0.999
  7.947,   0.023,   0.054,   0.110,   1.691,   0.081,   0.981,   0.994,   1.000
  7.048,   0.017,   0.041,   0.150,   1.939,   0.071,   0.984,   0.997,   0.998
  8.677,   0.027,   0.059,   0.216,   3.117,   0.099,   0.974,   0.998,   0.999
 17.909,   0.073,   0.149,   0.990,   5.548,   0.223,   0.709,   0.914,   1.000
  6.937,   0.020,   0.049,   0.145,   1.953,   0.074,   0.974,   0.999,   1.000
  6.873,   0.020,   0.046,   0.137,   2.457,   0.072,   0.977,   1.000,   1.000
 10.195,   0.025,   0.054,   0.388,   4.332,   0.109,   0.929,   0.996,   1.000
  5.466,   0.012,   0.028,   0.085,   1.839,   0.055,   0.991,   0.998,   1.000
  9.271,   0.027,   0.063,   0.286,   3.519,   0.096,   0.948,   0.998,   1.000
 11.747,   0.029,   0.064,   0.393,   4.199,   0.122,   0.938,   0.975,   0.998
  8.900,   0.020,   0.045,   0.233,   3.074,   0.094,   0.962,   0.991,   0.998
 14.094,   0.098,   0.198,   0.469,   2.264,   0.256,   0.505,   0.980,   1.000
  8.693,   0.021,   0.046,   0.245,   3.366,   0.091,   0.970,   0.992,   0.998
 10.421,   0.028,   0.064,   0.337,   3.532,   0.104,   0.961,   0.994,   0.999
  8.925,   0.022,   0.049,   0.268,   3.472,   0.094,   0.940,   0.996,   0.999
  8.539,   0.026,   0.060,   0.115,   1.463,   0.087,   0.989,   0.998,   0.998
 10.307,   0.030,   0.072,   0.208,   2.233,   0.108,   0.933,   0.999,   1.000
  7.437,   0.022,   0.049,   0.162,   2.536,   0.079,   0.983,   1.000,   1.000
  6.403,   0.018,   0.042,   0.070,   1.534,   0.064,   0.983,   0.999,   1.000
  8.252,   0.023,   0.053,   0.166,   2.174,   0.083,   0.970,   0.999,   1.000
  9.322,   0.034,   0.082,   0.145,   1.462,   0.108,   0.948,   0.994,   0.999
  7.131,   0.021,   0.049,   0.077,   1.465,   0.072,   0.980,   0.999,   1.000
  6.617,   0.024,   0.056,   0.083,   1.285,   0.071,   0.996,   1.000,   1.000
  8.533,   0.022,   0.049,   0.179,   2.330,   0.085,   0.956,   0.999,   1.000
  7.824,   0.030,   0.071,   0.136,   1.713,   0.090,   0.979,   0.999,   1.000
  5.992,   0.018,   0.041,   0.072,   1.584,   0.060,   0.995,   0.999,   1.000
  8.000,   0.024,   0.059,   0.206,   2.475,   0.089,   0.975,   0.999,   1.000
  6.116,   0.018,   0.042,   0.070,   1.542,   0.061,   0.991,   0.999,   1.000
  7.402,   0.020,   0.048,   0.069,   1.186,   0.075,   0.971,   0.999,   1.000
  7.943,   0.026,   0.064,   0.124,   1.622,   0.092,   0.978,   0.994,   0.998
  5.348,   0.016,   0.038,   0.085,   1.866,   0.054,   0.997,   1.000,   1.000
  6.572,   0.022,   0.051,   0.135,   2.090,   0.070,   0.991,   0.997,   1.000
  4.398,   0.013,   0.030,   0.060,   1.589,   0.045,   0.998,   1.000,   1.000
  8.262,   0.020,   0.046,   0.182,   2.593,   0.083,   0.977,   0.998,   0.999
  5.766,   0.013,   0.029,   0.075,   1.542,   0.059,   0.984,   0.999,   1.000
  7.757,   0.020,   0.047,   0.175,   2.262,   0.079,   0.985,   0.999,   0.999
  8.687,   0.022,   0.053,   0.221,   2.588,   0.090,   0.969,   0.996,   0.999
 16.483,   0.048,   0.104,   1.230,   8.471,   0.174,   0.799,   0.979,   0.996
 10.602,   0.026,   0.055,   0.370,   4.198,   0.113,   0.944,   0.980,   0.999
  8.451,   0.030,   0.069,   0.138,   1.826,   0.085,   0.994,   0.998,   1.000
  6.489,   0.022,   0.054,   0.135,   1.913,   0.076,   0.985,   0.998,   1.000
 10.123,   0.030,   0.067,   0.245,   2.686,   0.108,   0.926,   0.997,   1.000
  8.280,   0.025,   0.056,   0.230,   3.091,   0.084,   0.970,   0.999,   1.000
  7.444,   0.021,   0.048,   0.104,   1.544,   0.077,   0.982,   0.998,   0.999
  5.339,   0.013,   0.029,   0.087,   2.031,   0.053,   0.989,   0.998,   1.000
  8.585,   0.021,   0.049,   0.142,   2.352,   0.088,   0.970,   0.990,   1.000
  9.155,   0.019,   0.044,   0.148,   2.027,   0.092,   0.983,   0.996,   0.998
  7.545,   0.049,   0.104,   0.285,   2.488,   0.134,   0.931,   1.000,   1.000
  5.765,   0.022,   0.049,   0.142,   2.465,   0.071,   0.984,   0.999,   1.000
  7.864,   0.031,   0.067,   0.164,   2.200,   0.094,   0.992,   0.999,   1.000
  5.379,   0.019,   0.044,   0.094,   1.759,   0.064,   0.983,   1.000,   1.000
  9.557,   0.023,   0.053,   0.308,   3.357,   0.096,   0.963,   0.995,   0.998
 12.607,   0.033,   0.077,   0.374,   3.706,   0.127,   0.955,   0.991,   0.993
  6.622,   0.020,   0.046,   0.096,   1.811,   0.068,   0.988,   0.999,   1.000
 11.216,   0.031,   0.066,   0.224,   2.583,   0.121,   0.914,   0.988,   0.998
  9.054,   0.024,   0.052,   0.307,   3.889,   0.096,   0.958,   0.993,   1.000
  9.827,   0.031,   0.066,   0.188,   2.311,   0.113,   0.939,   0.986,   1.000
  8.267,   0.033,   0.073,   0.200,   2.417,   0.099,   0.967,   0.999,   1.000
  7.671,   0.026,   0.057,   0.286,   3.781,   0.094,   0.946,   0.999,   1.000
  4.378,   0.016,   0.037,   0.053,   1.331,   0.048,   0.999,   1.000,   1.000
  7.505,   0.023,   0.054,   0.109,   1.749,   0.082,   0.977,   0.997,   1.000
 10.102,   0.025,   0.056,   0.120,   1.694,   0.104,   0.975,   0.991,   0.996
  4.831,   0.013,   0.030,   0.046,   0.941,   0.049,   0.997,   0.999,   1.000
  6.748,   0.017,   0.037,   0.139,   2.478,   0.070,   0.983,   0.996,   1.000
  9.322,   0.026,   0.063,   0.127,   1.573,   0.095,   0.972,   0.995,   0.999
  9.001,   0.041,   0.099,   0.336,   3.205,   0.115,   0.945,   0.999,   1.000
  6.420,   0.021,   0.048,   0.111,   2.088,   0.065,   0.992,   1.000,   1.000
  8.542,   0.022,   0.053,   0.202,   2.614,   0.087,   0.969,   0.997,   1.000
 10.309,   0.023,   0.049,   0.283,   3.349,   0.104,   0.959,   0.979,   0.999
  8.063,   0.017,   0.037,   0.166,   2.503,   0.085,   0.958,   0.996,   1.000
  9.191,   0.021,   0.046,   0.178,   2.473,   0.093,   0.960,   0.991,   0.998
  4.288,   0.017,   0.037,   0.065,   1.613,   0.050,   0.998,   1.000,   1.000
  6.109,   0.017,   0.040,   0.061,   1.411,   0.061,   0.986,   0.999,   1.000
  9.059,   0.026,   0.057,   0.117,   1.581,   0.091,   0.966,   0.999,   1.000
  8.281,   0.023,   0.056,   0.152,   1.873,   0.091,   0.975,   0.991,   0.997
  8.073,   0.023,   0.055,   0.158,   2.223,   0.081,   0.979,   0.999,   1.000
 12.416,   0.044,   0.103,   0.383,   3.627,   0.130,   0.933,   0.992,   1.000
  7.042,   0.022,   0.050,   0.158,   2.705,   0.070,   0.988,   0.999,   1.000
 15.244,   0.039,   0.098,   0.839,   4.485,   0.156,   0.946,   0.968,   0.983
 12.312,   0.036,   0.077,   0.445,   4.362,   0.135,   0.941,   0.984,   0.999
  7.763,   0.019,   0.046,   0.090,   1.458,   0.078,   0.986,   0.995,   0.997
 19.267,   0.122,   0.238,   0.388,   1.471,   0.326,   0.460,   0.840,   0.969
  9.184,   0.026,   0.057,   0.263,   3.540,   0.093,   0.961,   0.994,   0.999
  6.632,   0.019,   0.042,   0.133,   2.333,   0.070,   0.990,   1.000,   1.000
 10.755,   0.039,   0.087,   0.319,   3.572,   0.122,   0.937,   0.997,   1.000
  9.828,   0.031,   0.070,   0.257,   3.074,   0.101,   0.958,   0.999,   1.000
 14.473,   0.052,   0.106,   0.576,   4.451,   0.174,   0.767,   0.987,   0.999
  6.075,   0.016,   0.036,   0.112,   2.426,   0.061,   0.989,   0.998,   1.000
  6.427,   0.017,   0.037,   0.112,   2.157,   0.065,   0.980,   0.999,   1.000
  8.972,   0.024,   0.056,   0.223,   2.725,   0.090,   0.973,   0.995,   0.998
  6.455,   0.022,   0.049,   0.176,   2.970,   0.076,   0.982,   0.999,   1.000
  6.188,   0.019,   0.044,   0.069,   1.467,   0.062,   0.990,   0.999,   1.000
  9.671,   0.025,   0.056,   0.254,   3.226,   0.098,   0.957,   0.994,   1.000
  9.689,   0.031,   0.073,   0.215,   2.470,   0.097,   0.948,   0.999,   1.000
 10.089,   0.032,   0.072,   0.287,   3.008,   0.111,   0.941,   0.994,   0.999
  6.583,   0.016,   0.036,   0.168,   2.918,   0.071,   0.976,   0.998,   1.000
  7.585,   0.019,   0.043,   0.147,   2.268,   0.080,   0.971,   0.995,   0.999
  8.499,   0.032,   0.069,   0.219,   2.742,   0.102,   0.961,   0.995,   1.000
  9.397,   0.034,   0.075,   0.282,   3.412,   0.100,   0.959,   0.998,   1.000
  8.325,   0.025,   0.055,   0.216,   2.575,   0.087,   0.968,   0.996,   0.999
  5.979,   0.021,   0.051,   0.101,   1.519,   0.073,   0.983,   0.998,   1.000
  9.153,   0.021,   0.049,   0.263,   2.960,   0.092,   0.973,   0.991,   0.998
 12.824,   0.033,   0.077,   0.320,   3.307,   0.131,   0.945,   0.991,   0.994
 10.819,   0.029,   0.061,   0.347,   3.683,   0.123,   0.937,   0.968,   0.999
  8.293,   0.018,   0.042,   0.128,   2.297,   0.083,   0.957,   0.998,   0.999
 14.766,   0.051,   0.123,   0.370,   3.383,   0.150,   0.868,   0.996,   1.000
  6.780,   0.021,   0.049,   0.122,   2.270,   0.068,   0.990,   1.000,   1.000
  5.846,   0.019,   0.045,   0.085,   1.641,   0.066,   0.983,   0.999,   1.000
  9.858,   0.029,   0.068,   0.294,   3.535,   0.100,   0.965,   0.994,   0.998
  6.297,   0.018,   0.042,   0.068,   1.477,   0.063,   0.984,   0.999,   1.000
  6.550,   0.020,   0.047,   0.118,   1.950,   0.072,   0.982,   0.998,   1.000
 16.989,   0.055,   0.119,   0.450,   3.673,   0.175,   0.856,   0.965,   1.000
  6.596,   0.021,   0.050,   0.128,   2.205,   0.072,   0.983,   1.000,   1.000
 11.003,   0.031,   0.070,   0.326,   3.566,   0.114,   0.948,   0.990,   0.997
  8.622,   0.023,   0.052,   0.173,   2.412,   0.086,   0.969,   0.995,   0.999
 10.068,   0.028,   0.064,   0.313,   3.677,   0.101,   0.963,   0.997,   1.000
 11.107,   0.108,   0.216,   0.335,   1.505,   0.270,   0.408,   0.967,   1.000
  7.806,   0.024,   0.054,   0.148,   2.257,   0.083,   0.967,   1.000,   1.000
  6.594,   0.017,   0.039,   0.131,   2.290,   0.069,   0.984,   0.996,   1.000
 11.114,   0.027,   0.060,   0.415,   4.451,   0.115,   0.933,   0.987,   0.999
  7.233,   0.024,   0.052,   0.182,   2.749,   0.083,   0.980,   0.999,   1.000
 11.713,   0.034,   0.073,   0.357,   3.595,   0.126,   0.880,   1.000,   1.000
  3.172,   0.010,   0.023,   0.013,   0.423,   0.033,   0.999,   1.000,   1.000
 13.909,   0.045,   0.110,   0.751,   4.971,   0.143,   0.879,   0.994,   0.998
  9.211,   0.023,   0.057,   0.233,   2.562,   0.095,   0.973,   0.989,   0.997
 12.171,   0.026,   0.059,   0.285,   2.642,   0.124,   0.947,   0.982,   0.989
 13.633,   0.038,   0.080,   0.562,   4.551,   0.151,   0.862,   0.989,   0.998
  6.954,   0.019,   0.042,   0.064,   1.328,   0.074,   0.967,   0.999,   1.000
 10.185,   0.033,   0.076,   0.287,   3.263,   0.103,   0.953,   0.999,   1.000
  7.295,   0.016,   0.036,   0.099,   1.832,   0.073,   0.960,   0.999,   1.000
 11.129,   0.024,   0.052,   0.249,   2.736,   0.111,   0.930,   0.984,   1.000
 10.389,   0.048,   0.101,   0.415,   3.508,   0.150,   0.836,   0.994,   1.000
  8.325,   0.020,   0.049,   0.220,   2.619,   0.085,   0.959,   0.996,   1.000
  6.608,   0.020,   0.044,   0.094,   1.705,   0.069,   0.990,   0.999,   1.000
  8.669,   0.028,   0.067,   0.323,   3.579,   0.091,   0.962,   0.997,   0.999
  7.640,   0.019,   0.045,   0.110,   1.804,   0.077,   0.987,   0.997,   0.999
 17.224,   0.052,   0.108,   0.549,   3.703,   0.188,   0.844,   0.918,   0.997
  9.054,   0.027,   0.065,   0.209,   2.563,   0.091,   0.966,   0.998,   1.000
  9.036,   0.022,   0.048,   0.204,   2.707,   0.090,   0.948,   0.997,   0.999
  6.222,   0.016,   0.035,   0.116,   2.237,   0.062,   0.974,   1.000,   1.000
  7.860,   0.023,   0.053,   0.124,   2.132,   0.084,   0.984,   0.997,   0.999
  4.263,   0.012,   0.027,   0.049,   1.486,   0.043,   0.996,   1.000,   1.000
  6.516,   0.017,   0.037,   0.136,   2.448,   0.067,   0.981,   0.998,   1.000
  7.985,   0.024,   0.058,   0.099,   1.394,   0.085,   0.983,   0.995,   0.999
 17.326,   0.046,   0.109,   0.338,   2.336,   0.175,   0.820,   0.975,   0.987
  7.297,   0.022,   0.050,   0.164,   2.374,   0.077,   0.989,   0.999,   1.000
  9.956,   0.026,   0.057,   0.430,   4.604,   0.107,   0.935,   0.995,   0.997
 10.280,   0.029,   0.064,   0.225,   2.949,   0.108,   0.968,   0.994,   0.995
  7.645,   0.021,   0.045,   0.183,   2.724,   0.081,   0.965,   0.999,   1.000
  4.942,   0.025,   0.056,   0.085,   1.671,   0.069,   0.995,   1.000,   1.000
  6.377,   0.020,   0.043,   0.163,   2.947,   0.071,   0.979,   0.999,   1.000
  4.177,   0.017,   0.038,   0.099,   2.217,   0.055,   0.991,   1.000,   1.000
 12.509,   0.037,   0.085,   0.537,   4.862,   0.127,   0.915,   0.989,   0.998
 10.188,   0.028,   0.066,   0.293,   3.241,   0.102,   0.952,   0.997,   1.000
 12.138,   0.037,   0.078,   0.285,   2.942,   0.143,   0.960,   0.978,   0.982
 12.520,   0.037,   0.085,   0.520,   4.466,   0.125,   0.924,   0.989,   0.999
  8.613,   0.028,   0.066,   0.204,   2.526,   0.090,   0.964,   1.000,   1.000
 10.948,   0.029,   0.072,   0.391,   3.056,   0.111,   0.976,   0.990,   0.992
  6.362,   0.017,   0.039,   0.128,   2.452,   0.064,   0.985,   0.999,   1.000
 11.734,   0.024,   0.055,   0.204,   2.510,   0.119,   0.962,   0.982,   0.990
  6.993,   0.016,   0.037,   0.098,   1.806,   0.072,   0.982,   0.995,   0.999
  6.367,   0.017,   0.039,   0.064,   1.306,   0.065,   0.985,   0.998,   1.000
  9.650,   0.027,   0.064,   0.179,   1.916,   0.099,   0.950,   0.997,   0.998
  6.030,   0.016,   0.036,   0.084,   1.801,   0.061,   0.992,   0.999,   1.000
  8.761,   0.037,   0.079,   0.279,   3.058,   0.112,   0.943,   0.998,   1.000
  7.200,   0.029,   0.063,   0.198,   2.733,   0.096,   0.967,   0.999,   1.000
  6.317,   0.018,   0.042,   0.064,   1.389,   0.063,   0.985,   1.000,   1.000
  9.149,   0.019,   0.044,   0.208,   2.731,   0.092,   0.967,   0.994,   0.997
  8.365,   0.022,   0.051,   0.122,   1.831,   0.085,   0.965,   0.998,   0.999
 12.585,   0.029,   0.070,   0.379,   3.196,   0.126,   0.954,   0.985,   0.992
 11.729,   0.034,   0.073,   0.242,   2.450,   0.128,   0.942,   0.982,   0.993
 11.902,   0.029,   0.063,   0.390,   3.986,   0.123,   0.905,   0.993,   0.997
  9.492,   0.026,   0.055,   0.357,   4.602,   0.100,   0.948,   0.991,   1.000
  8.556,   0.033,   0.080,   0.187,   2.347,   0.104,   0.952,   0.999,   1.000
 22.015,   0.056,   0.112,   0.956,   5.840,   0.226,   0.885,   0.927,   0.943
  8.783,   0.023,   0.052,   0.140,   1.923,   0.090,   0.973,   0.990,   1.000
  8.162,   0.019,   0.043,   0.165,   2.489,   0.082,   0.980,   0.995,   0.999
 14.562,   0.058,   0.144,   0.775,   4.562,   0.175,   0.795,   0.978,   0.995
  7.709,   0.024,   0.056,   0.118,   1.722,   0.077,   0.993,   0.998,   1.000
  8.969,   0.036,   0.085,   0.303,   3.588,   0.102,   0.954,   1.000,   1.000
 14.285,   0.036,   0.078,   0.392,   3.591,   0.144,   0.885,   0.980,   0.998
 13.378,   0.038,   0.091,   0.838,   5.988,   0.135,   0.864,   0.994,   0.999
 12.749,   0.040,   0.095,   0.560,   4.238,   0.129,   0.918,   0.994,   1.000
  7.011,   0.029,   0.063,   0.236,   3.179,   0.090,   0.980,   0.999,   1.000
 10.647,   0.040,   0.102,   0.542,   4.139,   0.134,   0.901,   0.990,   0.998
  9.772,   0.029,   0.065,   0.271,   3.260,   0.103,   0.949,   0.997,   0.999
  8.553,   0.025,   0.058,   0.264,   3.495,   0.088,   0.967,   0.998,   0.999
  8.407,   0.016,   0.036,   0.249,   3.214,   0.084,   0.973,   0.994,   0.998
 11.069,   0.029,   0.066,   0.361,   3.719,   0.111,   0.931,   0.997,   1.000
  5.897,   0.019,   0.044,   0.087,   1.610,   0.064,   0.985,   0.999,   1.000
 11.737,   0.053,   0.129,   0.549,   4.271,   0.147,   0.907,   0.992,   1.000
  9.525,   0.033,   0.077,   0.194,   2.332,   0.098,   0.969,   0.997,   1.000
  8.562,   0.022,   0.054,   0.293,   3.112,   0.088,   0.979,   0.996,   0.998
 11.358,   0.034,   0.073,   0.337,   3.543,   0.123,   0.957,   0.988,   0.999
  5.765,   0.013,   0.031,   0.117,   1.867,   0.058,   0.991,   0.998,   0.999
  9.791,   0.024,   0.056,   0.267,   2.854,   0.098,   0.976,   0.993,   0.996
  6.946,   0.021,   0.049,   0.130,   1.892,   0.073,   0.983,   1.000,   1.000
  9.931,   0.030,   0.066,   0.289,   3.254,   0.108,   0.919,   0.999,   1.000
 11.521,   0.024,   0.054,   0.369,   4.085,   0.115,   0.948,   0.988,   0.996
  8.578,   0.028,   0.063,   0.160,   1.938,   0.092,   0.977,   0.996,   0.999
  6.504,   0.019,   0.046,   0.048,   0.899,   0.073,   0.970,   1.000,   1.000
  9.023,   0.030,   0.069,   0.222,   2.673,   0.092,   0.960,   0.997,   1.000
 11.217,   0.029,   0.073,   0.463,   3.716,   0.119,   0.917,   0.995,   0.998
 10.121,   0.030,   0.065,   0.258,   3.023,   0.109,   0.945,   0.990,   0.999
  5.253,   0.017,   0.038,   0.079,   1.804,   0.055,   0.996,   1.000,   1.000
  6.945,   0.024,   0.054,   0.191,   3.018,   0.081,   0.976,   0.999,   1.000
  6.759,   0.015,   0.034,   0.163,   2.806,   0.068,   0.985,   0.998,   0.999
  6.737,   0.020,   0.046,   0.170,   2.680,   0.069,   0.987,   0.998,   1.000
  6.974,   0.019,   0.043,   0.129,   2.460,   0.070,   0.983,   0.999,   1.000
 10.180,   0.028,   0.063,   0.310,   3.598,   0.102,   0.960,   0.997,   1.000
  5.555,   0.017,   0.038,   0.084,   1.659,   0.056,   0.997,   1.000,   1.000
  8.629,   0.027,   0.061,   0.169,   2.448,   0.092,   0.970,   0.997,   1.000
  6.535,   0.019,   0.043,   0.076,   1.337,   0.068,   0.989,   0.994,   1.000
  9.979,   0.031,   0.076,   0.312,   2.879,   0.113,   0.900,   0.998,   1.000
  5.246,   0.014,   0.031,   0.119,   2.462,   0.055,   0.990,   1.000,   1.000
  8.075,   0.020,   0.045,   0.162,   2.462,   0.081,   0.971,   0.994,   1.000
  6.439,   0.022,   0.049,   0.165,   2.839,   0.074,   0.983,   1.000,   1.000
 10.656,   0.024,   0.056,   0.379,   2.862,   0.107,   0.968,   0.993,   0.997
  5.543,   0.014,   0.033,   0.052,   1.100,   0.056,   0.994,   1.000,   1.000
  8.146,   0.026,   0.062,   0.203,   2.418,   0.083,   0.983,   0.999,   1.000
 11.016,   0.032,   0.073,   0.288,   3.462,   0.110,   0.953,   0.996,   1.000
  9.370,   0.023,   0.055,   0.245,   2.726,   0.095,   0.940,   0.996,   1.000
  8.279,   0.025,   0.056,   0.163,   2.549,   0.088,   0.976,   0.996,   0.998
  4.129,   0.013,   0.031,   0.062,   1.700,   0.044,   0.996,   1.000,   1.000
  9.103,   0.028,   0.067,   0.146,   2.011,   0.091,   0.971,   1.000,   1.000
  9.970,   0.026,   0.059,   0.325,   3.994,   0.100,   0.964,   0.990,   0.998
  5.708,   0.017,   0.039,   0.090,   1.910,   0.057,   0.995,   1.000,   1.000
 13.953,   0.038,   0.078,   0.543,   4.566,   0.156,   0.920,   0.953,   0.992
  7.287,   0.018,   0.040,   0.190,   3.404,   0.073,   0.978,   0.996,   0.999
  9.280,   0.037,   0.081,   0.252,   3.145,   0.114,   0.959,   0.994,   0.998
  3.979,   0.017,   0.037,   0.074,   1.853,   0.053,   0.994,   1.000,   1.000
  6.752,   0.017,   0.040,   0.125,   2.112,   0.069,   0.982,   0.999,   1.000
  6.839,   0.017,   0.038,   0.184,   3.062,   0.071,   0.980,   0.996,   0.999
  7.593,   0.019,   0.044,   0.144,   2.231,   0.076,   0.981,   0.998,   0.999
 12.350,   0.035,   0.079,   0.368,   3.600,   0.125,   0.905,   0.990,   1.000
 11.877,   0.036,   0.075,   0.422,   4.069,   0.139,   0.914,   0.973,   0.998
  7.344,   0.019,   0.046,   0.171,   2.203,   0.078,   0.978,   0.995,   0.999
  6.643,   0.023,   0.051,   0.165,   2.647,   0.078,   0.985,   0.999,   1.000
  5.369,   0.014,   0.034,   0.072,   1.389,   0.057,   0.987,   0.998,   1.000
  4.020,   0.012,   0.029,   0.051,   1.411,   0.042,   0.998,   1.000,   1.000
  9.929,   0.021,   0.047,   0.315,   3.929,   0.100,   0.952,   0.990,   0.997
  7.179,   0.015,   0.033,   0.146,   2.519,   0.072,   0.984,   0.995,   0.998
 10.230,   0.026,   0.058,   0.221,   2.642,   0.102,   0.950,   0.990,   0.999
  7.153,   0.021,   0.050,   0.144,   2.391,   0.076,   0.988,   0.996,   1.000
 14.216,   0.038,   0.081,   0.523,   4.793,   0.145,   0.934,   0.980,   0.987
  8.466,   0.026,   0.061,   0.153,   1.942,   0.087,   0.980,   0.997,   0.999
 16.895,   0.041,   0.105,   0.808,   3.615,   0.169,   0.920,   0.976,   0.987
  6.872,   0.018,   0.040,   0.119,   1.916,   0.075,   0.970,   0.997,   1.000
  7.131,   0.018,   0.040,   0.166,   2.730,   0.077,   0.975,   0.998,   0.999
 11.148,   0.027,   0.061,   0.297,   3.097,   0.112,   0.948,   0.985,   0.996
  5.939,   0.021,   0.047,   0.059,   1.099,   0.067,   0.988,   0.999,   0.999
  6.662,   0.021,   0.047,   0.143,   2.472,   0.071,   0.989,   0.999,   0.999
  8.623,   0.050,   0.106,   0.307,   2.493,   0.143,   0.873,   1.000,   1.000
 15.341,   0.065,   0.130,   0.904,   5.828,   0.213,   0.795,   0.930,   0.990
 16.875,   0.044,   0.093,   0.416,   3.231,   0.169,   0.925,   0.953,   0.979
  7.212,   0.018,   0.040,   0.213,   3.240,   0.077,   0.968,   0.998,   1.000
 11.931,   0.036,   0.075,   0.366,   3.635,   0.133,   0.897,   0.987,   0.998
  7.910,   0.021,   0.050,   0.149,   1.979,   0.084,   0.978,   0.995,   0.998
 10.277,   0.021,   0.047,   0.312,   3.762,   0.103,   0.950,   0.985,   0.999
 11.494,   0.036,   0.081,   0.263,   3.255,   0.115,   0.968,   0.988,   1.000
 12.078,   0.027,   0.057,   0.390,   3.865,   0.125,   0.946,   0.968,   0.997
  4.336,   0.014,   0.033,   0.062,   1.606,   0.046,   0.998,   1.000,   1.000
  9.490,   0.030,   0.070,   0.270,   3.151,   0.100,   0.969,   0.995,   0.999
 10.077,   0.025,   0.055,   0.160,   2.083,   0.101,   0.942,   0.998,   1.000
  3.675,   0.014,   0.032,   0.058,   1.590,   0.046,   0.997,   1.000,   1.000
  3.684,   0.014,   0.032,   0.037,   1.066,   0.043,   0.999,   1.000,   1.000
 17.458,   0.080,   0.211,   1.261,   4.957,   0.234,   0.690,   0.957,   1.000
 11.658,   0.040,   0.095,   0.260,   2.666,   0.119,   0.954,   0.996,   0.998
 10.258,   0.029,   0.067,   0.336,   3.185,   0.110,   0.950,   0.991,   0.995
  9.517,   0.030,   0.065,   0.239,   2.914,   0.108,   0.945,   0.996,   0.999
 10.497,   0.035,   0.081,   0.371,   4.241,   0.109,   0.928,   0.999,   1.000
  8.601,   0.026,   0.058,   0.189,   2.666,   0.089,   0.965,   0.997,   1.000
 13.197,   0.034,   0.086,   0.615,   4.321,   0.140,   0.894,   0.974,   0.998
 13.626,   0.045,   0.095,   0.475,   4.249,   0.158,   0.859,   0.975,   0.998
  9.974,   0.025,   0.057,   0.353,   3.814,   0.105,   0.954,   0.989,   0.998
  5.237,   0.019,   0.045,   0.104,   2.066,   0.060,   0.994,   1.000,   1.000
  3.652,   0.013,   0.029,   0.059,   1.661,   0.043,   0.997,   1.000,   1.000
 10.150,   0.031,   0.069,   0.282,   3.024,   0.104,   0.946,   0.999,   1.000
 13.826,   0.040,   0.083,   0.700,   5.610,   0.158,   0.885,   0.956,   0.997
  7.988,   0.023,   0.051,   0.105,   1.733,   0.084,   0.961,   1.000,   1.000
  5.302,   0.016,   0.037,   0.071,   1.601,   0.053,   0.995,   1.000,   1.000
  6.850,   0.020,   0.046,   0.098,   1.833,   0.070,   0.983,   0.998,   1.000
  8.695,   0.026,   0.058,   0.224,   3.057,   0.088,   0.984,   0.997,   0.999
 11.783,   0.026,   0.063,   0.488,   4.269,   0.119,   0.922,   0.984,   0.999
  7.451,   0.025,   0.056,   0.233,   3.301,   0.083,   0.968,   0.999,   1.000
  7.378,   0.027,   0.060,   0.195,   2.642,   0.086,   0.982,   0.995,   1.000
  9.432,   0.021,   0.048,   0.150,   2.309,   0.094,   0.984,   0.994,   0.996
  8.828,   0.029,   0.066,   0.250,   3.156,   0.096,   0.955,   0.999,   1.000
  4.771,   0.034,   0.082,   0.112,   1.468,   0.089,   0.995,   0.998,   0.999
  7.479,   0.026,   0.061,   0.228,   2.894,   0.083,   0.976,   0.999,   1.000
  8.261,   0.024,   0.055,   0.214,   2.685,   0.086,   0.977,   0.995,   0.999
 11.237,   0.033,   0.077,   0.252,   2.641,   0.118,   0.927,   0.992,   0.998
  8.578,   0.019,   0.042,   0.231,   3.477,   0.087,   0.966,   0.994,   0.999
  9.640,   0.022,   0.048,   0.277,   3.527,   0.097,   0.962,   0.992,   0.997
  4.687,   0.012,   0.028,   0.058,   1.489,   0.047,   0.994,   1.000,   1.000
 10.144,   0.029,   0.066,   0.255,   3.118,   0.105,   0.953,   0.996,   0.999
  9.420,   0.023,   0.052,   0.215,   2.799,   0.094,   0.948,   0.998,   1.000
 11.043,   0.025,   0.060,   0.427,   3.845,   0.112,   0.957,   0.987,   0.995
 10.514,   0.034,   0.073,   0.366,   3.819,   0.124,   0.933,   0.991,   1.000
  8.824,   0.024,   0.053,   0.169,   2.567,   0.093,   0.950,   0.997,   1.000
  8.790,   0.027,   0.063,   0.182,   2.173,   0.088,   0.982,   0.997,   0.999
 11.969,   0.030,   0.062,   0.394,   3.987,   0.129,   0.920,   0.963,   1.000
  9.800,   0.036,   0.083,   0.314,   3.918,   0.103,   0.968,   0.998,   0.999
 11.101,   0.030,   0.070,   0.328,   3.363,   0.112,   0.945,   0.991,   0.997
 11.174,   0.034,   0.074,   0.325,   3.433,   0.118,   0.901,   0.998,   1.000
  5.211,   0.023,   0.051,   0.091,   1.788,   0.067,   0.994,   1.000,   1.000
  8.023,   0.023,   0.054,   0.160,   2.653,   0.082,   0.972,   1.000,   1.000
  9.135,   0.032,   0.073,   0.119,   1.691,   0.092,   0.978,   1.000,   1.000
  7.523,   0.026,   0.061,   0.159,   2.161,   0.086,   0.978,   0.996,   0.999
  8.325,   0.022,   0.050,   0.193,   2.752,   0.084,   0.969,   0.997,   1.000
 10.497,   0.027,   0.059,   0.343,   3.889,   0.107,   0.917,   0.999,   1.000
  9.244,   0.025,   0.059,   0.329,   3.249,   0.098,   0.966,   0.989,   1.000
  5.656,   0.016,   0.036,   0.094,   1.983,   0.059,   0.991,   0.998,   1.000
  8.069,   0.018,   0.040,   0.176,   2.874,   0.082,   0.975,   0.994,   0.998
  4.211,   0.014,   0.032,   0.085,   2.058,   0.049,   0.992,   1.000,   1.000
  6.788,   0.023,   0.055,   0.126,   2.035,   0.076,   0.983,   0.999,   1.000
 10.249,   0.035,   0.081,   0.279,   3.116,   0.104,   0.963,   1.000,   1.000
  8.281,   0.020,   0.045,   0.192,   2.621,   0.083,   0.981,   0.997,   0.999
 14.016,   0.040,   0.082,   0.478,   3.822,   0.159,   0.886,   0.967,   0.993
 11.495,   0.040,   0.089,   0.420,   4.194,   0.126,   0.927,   0.993,   1.000
  7.174,   0.024,   0.053,   0.197,   3.024,   0.082,   0.973,   0.999,   1.000
 14.032,   0.039,   0.079,   0.860,   6.821,   0.158,   0.877,   0.962,   0.999
  6.613,   0.018,   0.042,   0.086,   1.781,   0.066,   0.991,   0.998,   0.999
 12.399,   0.048,   0.113,   0.329,   2.846,   0.130,   0.947,   1.000,   1.000
  7.938,   0.019,   0.043,   0.170,   2.546,   0.080,   0.975,   0.996,   0.999
  6.484,   0.021,   0.052,   0.182,   2.517,   0.077,   0.984,   0.996,   1.000
  9.431,   0.036,   0.085,   0.202,   2.187,   0.105,   0.948,   0.998,   1.000
 13.001,   0.036,   0.076,   0.639,   5.622,   0.142,   0.901,   0.977,   0.998
  7.368,   0.018,   0.041,   0.187,   2.798,   0.077,   0.968,   0.998,   1.000
  7.781,   0.014,   0.029,   0.172,   2.791,   0.079,   0.972,   0.991,   0.999
  6.963,   0.019,   0.044,   0.091,   1.788,   0.071,   0.981,   0.998,   0.999
  7.767,   0.025,   0.057,   0.154,   2.414,   0.078,   0.988,   0.999,   1.000
  8.361,   0.039,   0.085,   0.177,   1.808,   0.114,   0.944,   0.998,   1.000
  5.664,   0.023,   0.051,   0.157,   2.539,   0.072,   0.993,   1.000,   1.000
  8.086,   0.021,   0.047,   0.164,   2.403,   0.085,   0.975,   0.995,   0.999
 20.828,   0.087,   0.249,   3.100,   8.451,   0.286,   0.593,   0.873,   0.961
  8.586,   0.031,   0.066,   0.305,   3.600,   0.107,   0.950,   0.995,   0.999
  8.764,   0.026,   0.056,   0.288,   3.911,   0.097,   0.968,   0.994,   1.000
 10.419,   0.030,   0.064,   0.340,   3.704,   0.110,   0.975,   0.991,   0.996
 11.710,   0.024,   0.054,   0.300,   3.127,   0.117,   0.936,   0.973,   0.999
  9.490,   0.026,   0.056,   0.338,   4.302,   0.101,   0.956,   0.993,   0.999
  5.871,   0.015,   0.034,   0.094,   1.880,   0.063,   0.984,   1.000,   1.000
  7.170,   0.022,   0.049,   0.182,   2.885,   0.073,   0.987,   0.999,   1.000
  7.517,   0.021,   0.047,   0.166,   2.580,   0.075,   0.984,   0.995,   0.999
  3.710,   0.015,   0.035,   0.056,   1.260,   0.047,   0.999,   0.999,   1.000
  8.808,   0.021,   0.051,   0.249,   2.732,   0.089,   0.955,   0.998,   0.999
  7.203,   0.023,   0.051,   0.233,   3.539,   0.081,   0.966,   0.998,   0.999
 13.067,   0.029,   0.070,   0.434,   4.076,   0.131,   0.895,   0.978,   0.998
  3.929,   0.014,   0.034,   0.061,   1.554,   0.045,   0.999,   1.000,   1.000
  8.122,   0.024,   0.053,   0.201,   3.041,   0.083,   0.978,   0.996,   0.999
  8.277,   0.018,   0.041,   0.207,   2.883,   0.085,   0.960,   0.996,   0.999
  4.446,   0.017,   0.040,   0.062,   1.468,   0.051,   0.997,   1.000,   1.000
  9.148,   0.031,   0.073,   0.156,   1.952,   0.099,   0.946,   0.999,   1.000
  5.433,   0.014,   0.032,   0.106,   2.220,   0.055,   0.992,   0.999,   1.000
 15.026,   0.036,   0.086,   0.824,   5.813,   0.151,   0.890,   0.978,   0.992
 11.326,   0.031,   0.076,   0.243,   2.162,   0.117,   0.942,   0.995,   0.996
 10.641,   0.031,   0.066,   0.478,   4.995,   0.123,   0.938,   0.976,   0.998
 13.745,   0.045,   0.099,   0.548,   4.801,   0.145,   0.906,   0.985,   0.998
  8.881,   0.021,   0.049,   0.211,   2.927,   0.089,   0.967,   0.993,   0.997
  8.394,   0.037,   0.081,   0.272,   2.972,   0.113,   0.949,   0.999,   1.000
  6.321,   0.019,   0.043,   0.121,   2.238,   0.069,   0.987,   0.999,   1.000
  6.369,   0.020,   0.044,   0.116,   2.014,   0.070,   0.993,   1.000,   1.000
 10.861,   0.025,   0.057,   0.174,   2.396,   0.110,   0.973,   0.990,   0.998
  7.800,   0.023,   0.051,   0.238,   3.592,   0.083,   0.975,   0.993,   1.000
 11.287,   0.042,   0.090,   0.154,   1.783,   0.135,   0.880,   1.000,   1.000
  9.138,   0.029,   0.064,   0.162,   1.962,   0.104,   0.960,   0.993,   0.995
 10.245,   0.043,   0.092,   0.413,   4.058,   0.136,   0.927,   0.987,   0.997
 15.317,   0.085,   0.172,   0.698,   3.754,   0.238,   0.631,   0.977,   0.998
  8.149,   0.029,   0.065,   0.126,   1.806,   0.083,   0.993,   1.000,   1.000
  5.879,   0.019,   0.045,   0.089,   1.772,   0.059,   0.998,   1.000,   1.000
  5.549,   0.021,   0.048,   0.100,   1.904,   0.065,   0.993,   1.000,   1.000
  6.689,   0.016,   0.036,   0.115,   2.052,   0.067,   0.974,   1.000,   1.000
  7.089,   0.023,   0.055,   0.123,   1.733,   0.079,   0.974,   0.999,   1.000
 14.330,   0.030,   0.063,   0.705,   6.609,   0.146,   0.928,   0.965,   0.984
  5.154,   0.022,   0.048,   0.133,   2.334,   0.069,   0.996,   1.000,   1.000
  6.270,   0.017,   0.039,   0.105,   2.210,   0.064,   0.984,   0.999,   1.000
  5.727,   0.032,   0.070,   0.136,   2.009,   0.085,   0.993,   1.000,   1.000
  9.453,   0.022,   0.050,   0.272,   3.637,   0.095,   0.957,   0.991,   0.997
  8.486,   0.030,   0.065,   0.293,   3.640,   0.099,   0.957,   0.996,   1.000
 12.302,   0.032,   0.076,   0.306,   3.190,   0.127,   0.946,   0.994,   0.995
  9.909,   0.021,   0.046,   0.365,   4.510,   0.100,   0.954,   0.987,   0.997
  6.307,   0.032,   0.069,   0.096,   1.417,   0.092,   0.990,   1.000,   1.000
  8.263,   0.022,   0.048,   0.258,   3.650,   0.086,   0.961,   0.996,   0.999
  6.343,   0.018,   0.041,   0.072,   1.503,   0.064,   0.983,   0.999,   1.000
  6.631,   0.023,   0.051,   0.183,   3.020,   0.077,   0.980,   1.000,   1.000
  5.333,   0.018,   0.040,   0.068,   1.415,   0.056,   0.997,   1.000,   1.000
 11.948,   0.037,   0.081,   0.289,   2.932,   0.122,   0.902,   0.999,   1.000
  8.600,   0.022,   0.050,   0.231,   3.040,   0.086,   0.963,   0.998,   1.000
  7.067,   0.020,   0.047,   0.164,   2.332,   0.071,   0.980,   0.998,   1.000
 10.807,   0.030,   0.069,   0.341,   3.528,   0.108,   0.946,   0.995,   1.000
 11.777,   0.028,   0.058,   0.587,   5.721,   0.127,   0.910,   0.976,   0.999
  8.591,   0.035,   0.075,   0.188,   2.024,   0.112,   0.915,   0.999,   1.000
 13.879,   0.033,   0.075,   0.328,   3.197,   0.139,   0.907,   0.979,   0.997
  7.206,   0.019,   0.043,   0.163,   2.900,   0.072,   0.978,   0.998,   1.000
  7.616,   0.026,   0.056,   0.204,   2.838,   0.087,   0.975,   1.000,   1.000
  9.022,   0.021,   0.048,   0.257,   3.384,   0.092,   0.963,   0.996,   0.999
  9.964,   0.027,   0.061,   0.289,   3.718,   0.100,   0.953,   0.991,   0.999
 12.680,   0.040,   0.089,   0.408,   3.848,   0.129,   0.911,   0.992,   0.999
  6.392,   0.021,   0.049,   0.114,   1.919,   0.069,   0.988,   0.997,   1.000
  5.698,   0.024,   0.058,   0.121,   1.784,   0.075,   0.986,   0.999,   1.000
  9.483,   0.024,   0.055,   0.233,   2.932,   0.095,   0.954,   0.995,   0.999
  8.231,   0.018,   0.041,   0.207,   2.895,   0.084,   0.964,   0.994,   0.999
  7.383,   0.016,   0.038,   0.216,   2.869,   0.074,   0.981,   0.996,   0.999
  5.908,   0.020,   0.044,   0.111,   2.291,   0.061,   0.990,   1.000,   1.000
 10.659,   0.032,   0.070,   0.336,   3.737,   0.113,   0.930,   0.996,   1.000
 12.471,   0.031,   0.071,   0.276,   2.878,   0.127,   0.931,   0.981,   0.997
  7.861,   0.019,   0.043,   0.157,   2.295,   0.079,   0.981,   0.997,   0.998
 10.579,   0.032,   0.070,   0.272,   3.223,   0.115,   0.947,   0.992,   0.999
  4.134,   0.014,   0.031,   0.078,   1.949,   0.050,   0.993,   1.000,   1.000
  4.105,   0.015,   0.033,   0.072,   1.828,   0.050,   0.995,   1.000,   1.000
  8.853,   0.025,   0.058,   0.251,   3.325,   0.089,   0.966,   0.997,   0.999
  7.521,   0.025,   0.060,   0.155,   2.198,   0.081,   0.981,   0.999,   1.000
  5.560,   0.018,   0.040,   0.066,   1.519,   0.062,   0.992,   0.999,   1.000
  7.364,   0.030,   0.072,   0.133,   1.501,   0.088,   0.980,   1.000,   1.000
  7.926,   0.022,   0.052,   0.166,   2.263,   0.080,   0.980,   0.996,   0.999
  4.805,   0.014,   0.032,   0.086,   1.954,   0.049,   0.995,   0.999,   1.000
  6.840,   0.014,   0.033,   0.143,   2.634,   0.069,   0.983,   0.994,   1.000
 10.741,   0.041,   0.091,   0.172,   1.765,   0.119,   0.949,   0.999,   1.000
 11.202,   0.029,   0.062,   0.333,   3.768,   0.119,   0.939,   0.991,   0.996
  9.011,   0.030,   0.074,   0.235,   2.395,   0.103,   0.949,   0.999,   1.000
  7.445,   0.020,   0.047,   0.146,   2.516,   0.075,   0.983,   0.999,   1.000
  9.748,   0.026,   0.058,   0.241,   2.851,   0.100,   0.948,   0.998,   1.000
 12.246,   0.032,   0.078,   0.427,   3.280,   0.123,   0.903,   0.997,   0.999
 10.573,   0.033,   0.074,   0.246,   3.111,   0.110,   0.974,   0.990,   0.999
 15.170,   0.056,   0.152,   1.607,   6.625,   0.197,   0.772,   0.947,   0.994
  3.518,   0.019,   0.046,   0.056,   1.132,   0.056,   1.000,   1.000,   1.000
  8.736,   0.023,   0.055,   0.131,   1.812,   0.092,   0.977,   0.992,   0.999
  5.257,   0.016,   0.038,   0.071,   1.484,   0.056,   0.992,   0.999,   1.000
  5.083,   0.017,   0.038,   0.056,   1.219,   0.053,   0.997,   0.999,   1.000
  9.309,   0.033,   0.080,   0.183,   2.239,   0.106,   0.948,   0.995,   1.000
  9.675,   0.027,   0.058,   0.216,   2.784,   0.102,   0.983,   0.993,   0.998
  8.906,   0.026,   0.057,   0.292,   3.599,   0.093,   0.966,   0.995,   0.999
  9.401,   0.022,   0.051,   0.297,   3.937,   0.094,   0.952,   0.996,   0.999
  5.790,   0.037,   0.080,   0.174,   2.364,   0.099,   0.988,   0.999,   1.000
  3.502,   0.029,   0.069,   0.090,   1.520,   0.074,   0.999,   1.000,   1.000
 13.127,   0.041,   0.090,   0.342,   3.180,   0.134,   0.918,   0.988,   0.999
 14.468,   0.044,   0.093,   0.410,   3.433,   0.157,   0.862,   0.965,   0.999
  6.944,   0.019,   0.044,   0.128,   2.045,   0.070,   0.980,   0.999,   1.000
  8.443,   0.024,   0.057,   0.236,   2.716,   0.089,   0.956,   0.998,   1.000
  5.980,   0.016,   0.039,   0.105,   1.834,   0.065,   0.987,   0.999,   1.000
  6.787,   0.020,   0.045,   0.162,   2.670,   0.073,   0.980,   0.999,   1.000
  8.592,   0.020,   0.044,   0.289,   3.982,   0.088,   0.961,   0.993,   1.000
  7.877,   0.019,   0.043,   0.202,   2.999,   0.083,   0.973,   0.995,   0.999
 12.671,   0.028,   0.059,   0.478,   4.686,   0.131,   0.934,   0.969,   0.996
  8.149,   0.021,   0.049,   0.184,   2.408,   0.082,   0.980,   0.998,   0.999
  8.079,   0.020,   0.043,   0.214,   3.050,   0.086,   0.966,   0.995,   0.998
  9.019,   0.030,   0.071,   0.133,   1.645,   0.093,   0.968,   0.999,   1.000
  9.512,   0.025,   0.056,   0.207,   2.444,   0.099,   0.941,   0.996,   0.999
  5.093,   0.021,   0.048,   0.082,   1.686,   0.064,   0.996,   1.000,   1.000
  6.822,   0.017,   0.038,   0.172,   2.890,   0.068,   0.980,   0.997,   1.000
  8.952,   0.027,   0.065,   0.120,   1.590,   0.098,   0.941,   0.999,   1.000
  6.363,   0.022,   0.049,   0.124,   2.318,   0.071,   0.989,   0.999,   1.000
  9.811,   0.034,   0.075,   0.217,   2.638,   0.105,   0.974,   0.999,   1.000
  6.679,   0.017,   0.038,   0.150,   2.587,   0.072,   0.971,   0.998,   1.000
  6.725,   0.020,   0.047,   0.125,   2.323,   0.069,   0.985,   0.998,   1.000
  5.992,   0.014,   0.031,   0.126,   2.436,   0.065,   0.980,   0.999,   1.000
  7.375,   0.018,   0.040,   0.154,   2.523,   0.074,   0.985,   0.995,   0.999
  6.672,   0.018,   0.041,   0.156,   2.817,   0.069,   0.984,   0.999,   1.000
  8.252,   0.022,   0.052,   0.114,   2.087,   0.084,   0.989,   0.996,   0.998
  6.444,   0.020,   0.047,   0.123,   2.102,   0.071,   0.984,   0.999,   0.999
  9.435,   0.021,   0.046,   0.219,   2.499,   0.097,   0.957,   0.992,   0.999
 15.418,   0.043,   0.094,   0.771,   6.261,   0.157,   0.874,   0.974,   0.998
  7.664,   0.026,   0.057,   0.189,   2.891,   0.088,   0.977,   0.999,   1.000
  4.674,   0.018,   0.041,   0.067,   1.405,   0.058,   0.997,   1.000,   1.000
  6.597,   0.018,   0.041,   0.140,   2.506,   0.067,   0.987,   0.999,   1.000
 13.201,   0.027,   0.056,   0.280,   2.772,   0.133,   0.944,   0.973,   0.989
 14.206,   0.035,   0.087,   0.518,   3.640,   0.144,   0.911,   0.991,   0.993
 16.113,   0.045,   0.093,   0.984,   7.197,   0.177,   0.842,   0.947,   0.998
  7.963,   0.021,   0.048,   0.165,   2.432,   0.080,   0.973,   0.997,   1.000
 10.474,   0.030,   0.074,   0.384,   3.389,   0.110,   0.922,   0.998,   1.000
  7.578,   0.026,   0.057,   0.214,   3.093,   0.086,   0.980,   0.996,   1.000
  6.792,   0.021,   0.046,   0.126,   2.110,   0.076,   0.985,   0.997,   0.999
  6.146,   0.018,   0.041,   0.068,   1.581,   0.062,   0.985,   1.000,   1.000
 10.900,   0.028,   0.060,   0.376,   4.151,   0.116,   0.930,   0.989,   0.998
  7.928,   0.023,   0.055,   0.178,   2.636,   0.080,   0.985,   0.995,   1.000
  6.199,   0.020,   0.045,   0.140,   2.391,   0.068,   0.987,   0.999,   1.000
  6.892,   0.019,   0.045,   0.072,   1.416,   0.069,   0.981,   0.999,   1.000
  9.877,   0.032,   0.076,   0.293,   3.244,   0.103,   0.964,   0.999,   1.000
  7.203,   0.018,   0.040,   0.147,   2.479,   0.073,   0.978,   0.996,   1.000
  6.680,   0.025,   0.054,   0.168,   2.758,   0.081,   0.985,   1.000,   1.000
  9.740,   0.029,   0.072,   0.461,   4.325,   0.110,   0.942,   0.990,   0.999
  7.454,   0.020,   0.045,   0.174,   2.524,   0.078,   0.971,   0.998,   1.000
  6.420,   0.018,   0.042,   0.096,   1.879,   0.064,   0.994,   0.999,   1.000
  4.808,   0.014,   0.032,   0.061,   1.587,   0.049,   0.995,   1.000,   1.000
 18.544,   0.062,   0.134,   0.459,   3.230,   0.192,   0.789,   0.979,   0.985
  7.815,   0.016,   0.036,   0.137,   2.178,   0.079,   0.973,   0.993,   0.997
  6.657,   0.019,   0.045,   0.087,   1.677,   0.067,   0.984,   0.999,   1.000
  9.230,   0.020,   0.047,   0.290,   2.902,   0.092,   0.981,   0.992,   0.997
  9.654,   0.023,   0.057,   0.140,   1.505,   0.097,   0.966,   0.990,   0.999
  9.980,   0.029,   0.064,   0.335,   4.093,   0.103,   0.970,   0.988,   0.997
  7.642,   0.021,   0.051,   0.205,   2.321,   0.082,   0.981,   0.993,   0.999
  9.362,   0.023,   0.052,   0.198,   2.769,   0.095,   0.954,   0.995,   1.000
  6.689,   0.019,   0.044,   0.090,   1.770,   0.069,   0.988,   0.999,   1.000
 13.748,   0.037,   0.088,   0.388,   3.393,   0.137,   0.890,   0.988,   1.000
  6.778,   0.020,   0.047,   0.075,   1.432,   0.068,   0.981,   0.999,   1.000
  9.491,   0.026,   0.060,   0.207,   3.187,   0.095,   0.957,   0.996,   1.000
  3.987,   0.016,   0.036,   0.056,   1.468,   0.050,   0.998,   1.000,   1.000
  6.254,   0.022,   0.050,   0.163,   2.379,   0.076,   0.987,   0.999,   0.999
  9.604,   0.027,   0.058,   0.234,   3.244,   0.109,   0.973,   0.996,   0.997
  9.104,   0.029,   0.066,   0.235,   3.108,   0.092,   0.980,   0.993,   0.999
 29.575,   0.058,   0.108,   1.252,   6.905,   0.306,   0.861,   0.925,   0.942
  7.052,   0.021,   0.047,   0.162,   2.565,   0.076,   0.989,   0.999,   1.000
  9.407,   0.027,   0.057,   0.272,   3.307,   0.107,   0.945,   0.993,   0.999
  7.841,   0.021,   0.052,   0.111,   1.791,   0.085,   0.962,   0.993,   1.000
  7.764,   0.019,   0.044,   0.181,   2.861,   0.078,   0.976,   0.998,   0.999
  5.374,   0.016,   0.036,   0.078,   1.618,   0.055,   0.993,   0.998,   1.000
  8.643,   0.023,   0.055,   0.126,   1.994,   0.088,   0.986,   0.994,   0.998
  5.962,   0.016,   0.036,   0.090,   1.999,   0.061,   0.988,   0.999,   1.000
  5.297,   0.017,   0.039,   0.065,   1.430,   0.055,   0.990,   0.999,   1.000
  8.971,   0.020,   0.046,   0.131,   1.945,   0.090,   0.959,   0.994,   0.999
 11.855,   0.033,   0.078,   0.370,   3.368,   0.119,   0.955,   0.988,   0.996
  6.644,   0.016,   0.037,   0.152,   2.595,   0.067,   0.984,   0.997,   0.999
  7.622,   0.021,   0.048,   0.198,   3.036,   0.077,   0.978,   0.998,   1.000
  8.771,   0.045,   0.113,   0.261,   2.144,   0.132,   0.889,   0.999,   1.000
  6.639,   0.020,   0.048,   0.176,   2.633,   0.071,   0.982,   0.999,   1.000
 10.240,   0.029,   0.070,   0.192,   2.556,   0.104,   0.914,   0.999,   1.000
  9.083,   0.030,   0.071,   0.200,   2.531,   0.094,   0.984,   0.999,   1.000
  6.875,   0.018,   0.041,   0.163,   2.533,   0.074,   0.981,   0.994,   1.000
 10.487,   0.043,   0.094,   0.463,   4.470,   0.132,   0.941,   0.987,   0.999
  9.793,   0.027,   0.057,   0.266,   3.452,   0.110,   0.958,   0.985,   0.996
  8.615,   0.020,   0.046,   0.246,   3.085,   0.086,   0.966,   0.995,   0.998
  5.947,   0.018,   0.042,   0.082,   1.556,   0.062,   0.988,   1.000,   1.000
  8.942,   0.030,   0.065,   0.194,   2.693,   0.093,   0.977,   0.999,   1.000
  6.472,   0.019,   0.043,   0.159,   2.583,   0.072,   0.985,   0.998,   1.000
  7.005,   0.017,   0.038,   0.168,   2.690,   0.075,   0.973,   0.997,   1.000
 17.551,   0.072,   0.181,   0.514,   2.552,   0.201,   0.684,   0.993,   0.999
 11.541,   0.027,   0.061,   0.386,   4.237,   0.115,   0.955,   0.992,   0.997
 10.960,   0.029,   0.069,   0.349,   3.447,   0.110,   0.922,   0.996,   0.999
  8.586,   0.023,   0.053,   0.196,   2.653,   0.086,   0.968,   0.996,   0.999
  9.913,   0.029,   0.069,   0.324,   3.364,   0.107,   0.944,   0.992,   1.000
  6.511,   0.015,   0.034,   0.106,   1.871,   0.068,   0.980,   0.997,   1.000
 11.318,   0.031,   0.069,   0.295,   2.951,   0.118,   0.931,   0.991,   0.997
 11.280,   0.032,   0.070,   0.336,   3.615,   0.115,   0.921,   0.993,   0.999
 19.361,   0.033,   0.063,   0.941,   7.650,   0.195,   0.931,   0.967,   0.981
  3.724,   0.013,   0.028,   0.056,   1.667,   0.043,   0.996,   1.000,   1.000
  8.871,   0.024,   0.055,   0.235,   3.447,   0.089,   0.961,   0.997,   1.000
  7.306,   0.039,   0.085,   0.140,   1.485,   0.108,   0.984,   1.000,   1.000
  8.472,   0.035,   0.078,   0.155,   1.900,   0.095,   0.991,   1.000,   1.000
  7.811,   0.023,   0.055,   0.158,   2.080,   0.078,   0.974,   0.999,   1.000
  9.968,   0.022,   0.051,   0.258,   2.659,   0.100,   0.980,   0.993,   0.995
  8.296,   0.021,   0.046,   0.252,   3.817,   0.085,   0.969,   0.993,   1.000
 10.527,   0.027,   0.062,   0.427,   4.245,   0.105,   0.950,   0.991,   0.999
  9.299,   0.036,   0.079,   0.297,   2.984,   0.112,   0.958,   0.998,   0.999
  5.287,   0.013,   0.029,   0.079,   1.873,   0.053,   0.987,   0.999,   1.000
 11.197,   0.022,   0.051,   0.262,   2.732,   0.112,   0.960,   0.981,   0.995
  7.186,   0.018,   0.044,   0.157,   2.513,   0.074,   0.978,   0.998,   0.999
  8.300,   0.028,   0.065,   0.218,   2.915,   0.090,   0.975,   0.999,   1.000
  8.845,   0.023,   0.053,   0.117,   1.685,   0.089,   0.986,   0.995,   0.998
 16.021,   0.038,   0.084,   0.902,   6.724,   0.161,   0.865,   0.971,   0.994
  7.395,   0.028,   0.062,   0.165,   2.029,   0.089,   0.976,   1.000,   1.000
  7.883,   0.023,   0.051,   0.269,   3.708,   0.087,   0.963,   0.998,   1.000
 10.457,   0.030,   0.068,   0.214,   2.223,   0.108,   0.936,   0.997,   0.999
  8.758,   0.024,   0.058,   0.098,   1.392,   0.089,   0.980,   0.998,   1.000
 10.886,   0.031,   0.071,   0.181,   2.261,   0.109,   0.935,   0.994,   1.000
  7.252,   0.019,   0.044,   0.169,   2.866,   0.073,   0.984,   1.000,   1.000
  8.449,   0.016,   0.035,   0.225,   3.344,   0.086,   0.976,   0.989,   0.998
 18.576,   0.040,   0.088,   1.030,   7.238,   0.186,   0.888,   0.941,   0.975
  8.203,   0.024,   0.051,   0.175,   2.490,   0.096,   0.966,   0.987,   1.000
 10.714,   0.030,   0.064,   0.271,   2.983,   0.110,   0.902,   1.000,   1.000
  7.586,   0.024,   0.052,   0.185,   2.894,   0.087,   0.971,   0.997,   1.000
  8.814,   0.026,   0.060,   0.115,   1.551,   0.090,   0.978,   0.996,   0.999
 11.336,   0.024,   0.053,   0.226,   2.930,   0.113,   0.979,   0.990,   0.991
  6.982,   0.020,   0.050,   0.197,   2.482,   0.077,   0.974,   0.998,   1.000
  7.030,   0.020,   0.045,   0.159,   2.651,   0.073,   0.975,   0.999,   1.000
  8.494,   0.022,   0.052,   0.110,   1.853,   0.085,   0.990,   0.996,   0.998
 10.090,   0.024,   0.051,   0.314,   3.793,   0.109,   0.965,   0.987,   0.992
  8.763,   0.021,   0.048,   0.128,   1.653,   0.088,   0.972,   0.992,   0.999
 10.233,   0.027,   0.057,   0.273,   3.303,   0.110,   0.960,   0.977,   0.999
 11.435,   0.029,   0.061,   0.354,   3.783,   0.126,   0.890,   0.995,   1.000
 24.376,   0.052,   0.103,   1.261,   7.951,   0.244,   0.928,   0.947,   0.948
 11.422,   0.027,   0.060,   0.487,   5.220,   0.114,   0.927,   0.990,   0.999
  8.548,   0.020,   0.048,   0.189,   2.370,   0.085,   0.955,   0.996,   0.999
  5.562,   0.027,   0.060,   0.093,   1.682,   0.074,   0.997,   0.999,   0.999
  6.854,   0.017,   0.039,   0.161,   2.692,   0.069,   0.979,   0.997,   1.000
  4.181,   0.017,   0.037,   0.070,   1.709,   0.052,   0.997,   1.000,   1.000
  6.720,   0.018,   0.043,   0.143,   2.279,   0.070,   0.987,   0.998,   1.000
  9.574,   0.023,   0.051,   0.237,   3.271,   0.098,   0.956,   0.996,   0.998
  8.786,   0.029,   0.070,   0.113,   1.490,   0.090,   0.995,   0.999,   1.000
  3.255,   0.032,   0.077,   0.102,   1.513,   0.080,   0.999,   1.000,   1.000
  7.813,   0.026,   0.059,   0.162,   2.663,   0.079,   0.985,   1.000,   1.000
 14.066,   0.036,   0.090,   0.564,   3.478,   0.144,   0.916,   0.974,   0.995
  5.011,   0.019,   0.045,   0.078,   1.501,   0.058,   0.992,   1.000,   1.000
  7.671,   0.018,   0.040,   0.211,   3.311,   0.078,   0.973,   0.997,   1.000
  5.745,   0.012,   0.028,   0.097,   2.020,   0.059,   0.984,   0.997,   1.000
 11.771,   0.042,   0.100,   0.192,   1.581,   0.121,   0.945,   1.000,   1.000
  9.012,   0.028,   0.060,   0.288,   3.518,   0.099,   0.939,   0.997,   1.000
  9.728,   0.029,   0.065,   0.187,   2.594,   0.099,   0.968,   0.994,   0.999
  7.411,   0.018,   0.039,   0.204,   3.222,   0.079,   0.972,   0.996,   0.999
  9.954,   0.019,   0.046,   0.315,   3.267,   0.100,   0.941,   0.990,   0.999
  7.529,   0.019,   0.044,   0.136,   2.277,   0.076,   0.975,   0.996,   0.999
  8.918,   0.028,   0.064,   0.164,   1.963,   0.089,   0.967,   0.999,   1.000
  9.036,   0.022,   0.050,   0.285,   3.601,   0.092,   0.961,   0.993,   0.998
 14.220,   0.037,   0.094,   0.815,   4.598,   0.146,   0.924,   0.978,   0.990
 15.087,   0.045,   0.096,   0.671,   5.624,   0.153,   0.863,   0.976,   0.998
 20.005,   0.045,   0.091,   1.049,   7.298,   0.201,   0.887,   0.947,   0.961
 16.782,   0.053,   0.109,   0.522,   3.569,   0.188,   0.793,   0.969,   0.994
  7.228,   0.023,   0.051,   0.147,   2.265,   0.075,   0.994,   1.000,   1.000
  8.653,   0.021,   0.050,   0.165,   2.159,   0.088,   0.964,   0.994,   0.998
  9.237,   0.029,   0.064,   0.222,   2.868,   0.095,   0.962,   0.999,   1.000
  9.206,   0.025,   0.062,   0.210,   2.339,   0.100,   0.956,   0.993,   0.997
  9.433,   0.033,   0.070,   0.402,   4.395,   0.113,   0.948,   0.997,   0.998
 13.080,   0.039,   0.086,   0.681,   6.143,   0.137,   0.906,   0.989,   0.998
 10.577,   0.030,   0.073,   0.215,   2.289,   0.109,   0.937,   0.997,   0.999
  7.080,   0.019,   0.043,   0.186,   3.042,   0.071,   0.978,   0.999,   1.000
  7.584,   0.020,   0.048,   0.188,   2.469,   0.082,   0.964,   0.996,   1.000
  8.283,   0.034,   0.074,   0.148,   1.979,   0.093,   0.993,   1.000,   1.000
  6.305,   0.021,   0.046,   0.163,   2.886,   0.072,   0.981,   0.999,   1.000
  8.847,   0.024,   0.055,   0.159,   2.378,   0.092,   0.957,   0.994,   1.000
  4.970,   0.019,   0.044,   0.041,   0.991,   0.056,   0.998,   1.000,   1.000
 13.451,   0.027,   0.060,   0.487,   4.177,   0.136,   0.928,   0.973,   0.993
  9.544,   0.026,   0.062,   0.201,   2.323,   0.100,   0.959,   0.993,   0.999
  8.313,   0.021,   0.049,   0.226,   3.052,   0.083,   0.976,   0.996,   0.998
  8.197,   0.022,   0.049,   0.257,   3.523,   0.087,   0.968,   0.996,   1.000
 10.325,   0.027,   0.058,   0.284,   3.167,   0.114,   0.955,   0.980,   0.999
  6.125,   0.029,   0.064,   0.087,   1.409,   0.086,   0.994,   0.998,   0.999
 15.911,   0.046,   0.096,   0.342,   2.978,   0.178,   0.900,   0.966,   0.984
  8.235,   0.023,   0.051,   0.231,   3.267,   0.088,   0.969,   0.997,   0.998
  9.165,   0.022,   0.052,   0.206,   2.662,   0.092,   0.958,   0.996,   1.000
  9.709,   0.043,   0.107,   0.305,   2.676,   0.129,   0.919,   0.996,   0.999
  6.440,   0.021,   0.049,   0.116,   2.132,   0.070,   0.977,   0.999,   1.000
  7.337,   0.023,   0.050,   0.150,   2.224,   0.086,   0.976,   0.996,   1.000
  8.624,   0.023,   0.055,   0.287,   3.349,   0.086,   0.971,   0.995,   0.999
 12.360,   0.036,   0.084,   0.230,   2.039,   0.127,   0.950,   0.984,   0.995
  6.915,   0.037,   0.080,   0.185,   1.968,   0.106,   0.973,   0.999,   1.000
 10.786,   0.031,   0.067,   0.333,   3.529,   0.117,   0.925,   0.990,   0.999
  9.282,   0.024,   0.059,   0.308,   3.263,   0.095,   0.948,   0.997,   0.999
  3.371,   0.020,   0.047,   0.051,   1.203,   0.054,   0.996,   1.000,   1.000
 11.187,   0.031,   0.075,   0.331,   2.750,   0.120,   0.956,   0.988,   0.995
 10.847,   0.029,   0.068,   0.303,   3.294,   0.109,   0.949,   0.993,   0.999
  6.530,   0.022,   0.048,   0.129,   2.167,   0.073,   0.983,   0.999,   1.000
 18.142,   0.082,   0.164,   1.157,   6.364,   0.250,   0.717,   0.936,   0.971
  8.578,   0.025,   0.054,   0.126,   1.812,   0.087,   0.966,   0.999,   1.000
  7.179,   0.018,   0.041,   0.108,   1.780,   0.072,   0.976,   1.000,   1.000
  4.022,   0.024,   0.056,   0.085,   1.431,   0.066,   0.998,   0.999,   1.000
  6.198,   0.019,   0.045,   0.065,   1.411,   0.062,   0.993,   0.999,   1.000
  6.782,   0.017,   0.039,   0.132,   2.332,   0.068,   0.982,   0.998,   0.999
  8.616,   0.019,   0.042,   0.181,   2.521,   0.088,   0.976,   0.996,   0.997
  8.177,   0.020,   0.048,   0.122,   1.670,   0.082,   0.973,   0.998,   0.999
 12.456,   0.038,   0.080,   0.373,   3.534,   0.139,   0.894,   0.981,   1.000
